4294967278,68
4294967278,66
4294967278,65
4294967279,68
4294967279,67
4294967279,66
4294967279,60
4294967279,59
4294967279,58
4294967279,53
4294967279,48
4294967279,18
4294967293,131
4294967293,130
4294967293,129
4294967293,128
4294967293,127
4294967293,126
4294967293,125
4294967293,124
4294967293,123
4294967293,122
4294967293,121
4294967293,120
4294967293,119
4294967293,118
4294967293,117
4294967293,116
4294967293,115
4294967293,114
4294967293,113
4294967293,112
4294967293,111
4294967293,110
4294967293,109
4294967293,108
4294967293,107
4294967293,106
4294967293,105
4294967293,104
4294967293,103
4294967293,102
4294967293,101
4294967293,100
4294967293,99
4294967293,98
4294967293,97
4294967293,96
4294967293,95
4294967293,94
4294967293,93
4294967293,92
4294967293,91
4294967293,90
4294967293,89
4294967293,87
4294967293,86
4294967293,85
4294967293,84
4294967293,83
4294967293,82
4294967293,81
4294967293,80
4294967293,79
4294967293,78
4294967293,77
4294967293,76
4294967293,75
4294967293,74
4294967293,73
4294967293,72
4294967293,71
4294967293,70
4294967293,69
4294967293,68
4294967293,67
4294967293,66
4294967293,65
4294967293,64
4294967293,63
4294967293,62
4294967293,61
4294967293,60
4294967293,59
4294967293,58
4294967293,57
4294967293,56
4294967293,55
4294967293,54
4294967293,53
4294967293,52
4294967293,51
4294967293,50
4294967293,49
4294967293,48
4294967293,47
4294967293,46
4294967293,45
4294967293,44
4294967293,43
4294967293,42
4294967293,41
4294967293,40
4294967293,39
4294967293,38
4294967293,37
4294967293,36
4294967293,35
4294967293,34
4294967293,33
4294967293,32
4294967293,31
4294967293,30
4294967293,29
4294967293,28
4294967293,27
4294967293,26
4294967293,25
4294967293,24
4294967293,23
4294967293,22
4294967293,21
4294967293,20
4294967293,19
4294967293,18
4294967293,17
4294967293,16
4294967293,15
4294967293,14
4294967293,13
4294967293,12
4294967293,11
4294967293,10
4294967293,9
4294967293,8
4294967293,7
4294967293,6
4294967293,5
4294967293,4
4294967293,3
4294967278,547
4294967278,131
4294967278,546
4294967278,125
4294967278,556
4294967278,122
4294967278,115
4294967278,231
4294967278,110
4294967278,229
4294967278,109
4294967278,104
4294967278,103
4294967278,102
4294967278,101
4294967278,555
4294967278,100
4294967278,545
4294967278,99
4294967278,544
4294967278,98
4294967278,542
4294967278,97
4294967278,541
4294967278,96
4294967278,540
4294967278,95
4294967278,564
4294967278,94
4294967278,93
4294967278,92
4294967278,539
4294967278,90
4294967278,563
4294967278,89
4294967278,87
4294967278,538
4294967278,84
4294967278,537
4294967278,78
4294967278,536
4294967278,554
4294967278,562
4294967278,67
4294967278,64
4294967278,63
4294967278,535
4294967278,62
4294967278,61
4294967278,60
4294967278,566
4294967278,59
4294967278,553
4294967278,58
4294967278,534
4294967278,57
4294967278,56
4294967278,54
4294967278,543
4294967278,552
4294967278,53
4294967278,533
4294967278,52
4294967278,51
4294967278,50
4294967278,49
4294967278,310
4294967278,48
4294967278,47
4294967278,46
4294967278,45
4294967278,44
4294967278,551
4294967278,43
4294967278,42
4294967278,41
4294967278,40
4294967278,39
4294967278,550
4294967278,38
4294967278,532
4294967278,37
4294967278,36
4294967278,35
4294967278,34
4294967278,549
4294967278,33
4294967278,531
4294967278,32
4294967278,561
4294967278,31
4294967278,30
4294967278,29
4294967278,565
4294967278,28
4294967278,530
4294967278,27
4294967278,560
4294967278,26
4294967278,559
4294967278,548
4294967278,88
4294967278,0
4294967278,260
4294967279,372
4294967279,371
4294967279,360
4294967279,370
4294967279,354
4294967279,353
4294967279,352
4294967279,351
4294967279,369
4294967279,64
4294967279,350
4294967279,63
4294967279,368
4294967279,61
4294967279,359
4294967279,349
4294967279,367
4294967279,57
4294967279,56
4294967279,358
4294967279,54
4294967279,348
4294967279,366
4294967279,357
4294967279,365
4294967279,356
4294967279,346
4294967279,345
4294967279,364
4294967279,344
4294967279,363
4294967279,32
4294967279,362
4294967279,347
4294967279,174
4294967279,0
4294967279,260
4294967279,17
4294967279,287
4294967279,14
4294967279,343
4294967279,8
4294967279,355
4294967279,7
4294967294,5
4294967294,471
4294967294,1598
4294967294,1362
4294967294,425
4294967294,451
4294967294,220
4294967294,91
4294967294,87
4294967294,84
4294967294,438
4294967294,83
4294967294,1561
4294967294,936
4294967294,931
4294967294,930
4294967294,929
4294967294,928
4294967294,927
4294967294,926
4294967294,925
4294967294,922
4294967294,921
4294967294,920
4294967294,919
4294967294,918
4294967294,917
4294967294,916
4294967294,915
4294967294,913
4294967294,912
4294967294,910
4294967294,413
4294967294,909
4294967294,906
4294967294,903
4294967294,902
4294967294,898
4294967294,897
4294967294,896
4294967294,894
4294967294,893
4294967294,892
4294967294,667
4294967294,889
4294967294,888
4294967294,887
4294967294,886
4294967294,885
4294967294,884
4294967294,883
4294967294,882
4294967294,877
4294967294,872
4294967294,871
4294967294,870
4294967294,866
4294967294,864
4294967294,863
4294967294,862
4294967294,858
4294967294,857
4294967294,852
4294967294,1215
4294967294,851
4294967294,664
4294967294,848
4294967294,847
4294967294,846
4294967294,845
4294967294,844
4294967294,186
4294967294,843
4294967294,842
4294967294,1592
4294967294,840
4294967294,409
4294967294,838
4294967294,837
4294967294,835
4294967294,834
4294967294,833
4294967294,832
4294967294,0
4294967294,828
4294967294,825
4294967294,824
4294967294,822
4294967294,820
4294967294,818
4294967294,817
4294967294,465
4294967294,463
4294967294,464
4294967294,813
4294967294,812
4294967294,810
4294967294,808
4294967294,807
4294967294,806
4294967294,1216
4294967294,802
4294967294,801
4294967294,800
4294967294,799
4294967294,798
4294967294,795
4294967294,794
4294967294,793
4294967294,792
4294967294,791
4294967294,789
4294967294,786
4294967294,785
4294967294,669
4294967294,783
4294967294,661
4294967294,780
4294967294,779
4294967294,775
4294967294,773
4294967294,470
4294967294,1083
4294967294,771
4294967294,770
4294967294,768
4294967294,766
4294967294,765
4294967294,764
4294967294,762
4294967294,761
4294967294,760
4294967294,759
4294967294,758
4294967294,757
4294967294,756
4294967294,755
4294967294,752
4294967294,751
4294967294,750
4294967294,749
4294967294,748
4294967294,467
4294967294,744
4294967294,743
4294967294,742
4294967294,741
4294967294,740
4294967294,652
4294967294,1035
4294967294,737
4294967294,736
4294967294,735
4294967294,133
4294967294,734
4294967294,733
4294967294,726
4294967294,725
4294967294,724
4294967294,723
4294967294,722
4294967294,721
4294967294,720
4294967294,719
4294967294,718
4294967294,715
4294967294,714
4294967294,711
4294967294,710
4294967294,706
4294967294,704
4294967294,638
4294967294,637
4294967294,636
4294967294,633
4294967294,632
4294967294,649
4294967294,631
4294967294,628
4294967294,626
4294967294,623
4294967294,622
4294967294,621
4294967294,620
4294967294,618
4294967294,617
4294967294,613
4294967294,612
4294967294,611
4294967294,609
4294967294,607
4294967294,1217
4294967294,606
4294967294,605
4294967294,643
4294967294,599
4294967294,598
4294967294,596
4294967294,595
4294967294,591
4294967294,663
4294967294,589
4294967294,585
4294967294,583
4294967294,582
4294967294,580
4294967294,579
4294967294,576
4294967294,572
4294967294,569
4294967294,568
4294967294,567
4294967294,563
4294967294,562
4294967294,561
4294967294,558
4294967294,557
4294967294,556
4294967294,566
4294967294,555
4294967294,554
4294967294,553
4294967294,552
4294967294,658
4294967294,644
4294967294,565
4294967294,551
4294967294,575
4294967294,656
4294967294,550
4294967294,549
4294967294,548
4294967294,655
4294967294,547
4294967294,546
4294967294,668
4294967294,545
4294967294,107
4294967294,544
4294967294,543
4294967294,666
4294967294,542
4294967294,640
4294967294,541
4294967294,654
4294967294,814
4294967294,660
4294967294,811
4294967294,651
4294967294,728
4294967294,727
4294967294,653
1,3
1,0
4294967294,1220
4294967294,1392
4294967294,188
4294967294,177
4294967294,205
4294967294,204
4294967294,206
4294967294,202
4294967294,370
4294967294,369
4294967294,368
4294967294,367
4294967294,366
4294967294,364
4294967294,365
4294967294,363
4294967294,362
4294967294,361
4294967294,360
4294967294,359
4294967294,358
4294967294,357
4294967294,356
4294967294,355
4294967294,354
4294967294,174
4294967294,172
4294967294,171
4294967294,1354
4294967294,353
4294967294,352
4294967294,351
4294967294,201
4294967294,350
4294967294,349
4294967294,347
4294967294,348
4294967294,329
4294967294,328
4294967294,327
4294967294,326
4294967294,325
4294967294,324
4294967294,323
4294967294,322
4294967294,321
4294967294,320
4294967294,346
4294967294,345
4294967294,344
4294967294,343
4294967294,342
4294967294,340
4294967294,341
4294967294,339
4294967294,338
4294967294,337
4294967294,336
4294967294,335
4294967294,334
4294967294,333
4294967294,332
4294967294,331
4294967294,330
4294967294,1132
4294967294,513
4294967294,1361
4294967294,1357
4294967294,1358
4294967294,420
4294967294,499
4294967294,498
4294967294,497
4294967294,496
4294967294,1536
4294967294,1346
4294967294,1121
4294967294,1122
4294967294,1088
4294967294,1403
4294967294,441
4294967294,390
4294967294,493
4294967294,1396
4294967294,1594
4294967294,430
4294967294,1386
4294967294,1538
4294967294,1400
4294967294,1405
4294967294,483
4294967294,1402
4294967294,1401
4294967294,1376
4294967294,1039
4294967294,446
4294967294,1384
4294967294,130
4294967294,181
4294967294,178
4294967294,1389
4294967294,398
